GROUP,PACKAGE,CLASS,INSTRUCTION_MISSED,INSTRUCTION_COVERED,BRANCH_MISSED,BRANCH_COVERED,LINE_MISSED,LINE_COVERED,COMPLEXITY_MISSED,COMPLEXITY_COVERED,METHOD_MISSED,METHOD_COVERED
javaparser-symbol-solver-testing,com.github.javaparser.ast.validator,Java7Validator,39,59,10,2,8,12,7,2,1,2
javaparser-symbol-solver-testing,com.github.javaparser.ast.validator,Java1_2Validator,0,29,0,0,0,6,0,1,0,1
javaparser-symbol-solver-testing,com.github.javaparser.ast.validator,Java14Validator,0,3,0,0,0,2,0,1,0,1
javaparser-symbol-solver-testing,com.github.javaparser.ast.validator,Java1_3Validator,0,3,0,0,0,2,0,1,0,1
javaparser-symbol-solver-testing,com.github.javaparser.ast.validator,Java10Validator,0,18,0,0,0,4,0,1,0,1
javaparser-symbol-solver-testing,com.github.javaparser.ast.validator,VisitorValidator,0,8,0,0,0,3,0,2,0,2
javaparser-symbol-solver-testing,com.github.javaparser.ast.validator,Java8Validator,10,48,3,3,1,13,2,4,0,3
javaparser-symbol-solver-testing,com.github.javaparser.ast.validator,ProblemReporter,22,6,0,0,4,3,2,1,2,1
javaparser-symbol-solver-testing,com.github.javaparser.ast.validator,Java12Validator,0,13,0,0,0,4,0,1,0,1
javaparser-symbol-solver-testing,com.github.javaparser.ast.validator,TreeVisitorValidator,0,28,0,2,0,7,0,3,0,2
javaparser-symbol-solver-testing,com.github.javaparser.ast.validator,Java5Validator,53,98,9,3,11,21,7,5,2,4
javaparser-symbol-solver-testing,com.github.javaparser.ast.validator,Java1_4Validator,0,8,0,0,0,3,0,1,0,1
javaparser-symbol-solver-testing,com.github.javaparser.ast.validator,Java1_0Validator,196,247,22,0,15,67,38,1,27,1
javaparser-symbol-solver-testing,com.github.javaparser.ast.validator,ReservedKeywordValidator,14,38,2,2,2,10,2,3,0,3
javaparser-symbol-solver-testing,com.github.javaparser.ast.validator,Java1_1Validator,9,33,3,1,1,8,2,3,0,3
javaparser-symbol-solver-testing,com.github.javaparser.ast.validator,SingleNodeTypeValidator,9,29,1,1,1,7,1,3,0,3
javaparser-symbol-solver-testing,com.github.javaparser.ast.validator,Java13Validator,0,8,0,0,0,3,0,1,0,1
javaparser-symbol-solver-testing,com.github.javaparser.ast.validator,Java6Validator,0,3,0,0,0,2,0,1,0,1
javaparser-symbol-solver-testing,com.github.javaparser.ast.validator,SimpleValidator,4,12,1,1,1,4,1,2,0,2
javaparser-symbol-solver-testing,com.github.javaparser.ast.validator,Validators,8,50,1,1,2,13,2,6,1,6
javaparser-symbol-solver-testing,com.github.javaparser.ast.validator,Java11Validator,0,20,0,0,0,4,0,1,0,1
javaparser-symbol-solver-testing,com.github.javaparser.ast.validator,Java9Validator,19,47,6,0,5,9,4,1,1,1
javaparser-symbol-solver-testing,com.github.javaparser.ast.validator,TypedValidator,24,0,0,0,3,0,4,0,4,0
javaparser-symbol-solver-testing,com.github.javaparser.ast.expr,NormalAnnotationExpr,131,45,14,2,31,15,20,5,12,5
javaparser-symbol-solver-testing,com.github.javaparser.ast.expr,IntegerLiteralExpr,109,19,16,0,28,7,20,4,12,4
javaparser-symbol-solver-testing,com.github.javaparser.ast.expr,EnclosedExpr,75,44,8,2,23,15,16,5,11,5
javaparser-symbol-solver-testing,com.github.javaparser.ast.expr,Name,101,89,16,6,27,25,20,10,11,8
javaparser-symbol-solver-testing,com.github.javaparser.ast.expr,SingleMemberAnnotationExpr,75,45,8,2,22,15,15,5,10,5
javaparser-symbol-solver-testing,com.github.javaparser.ast.expr,ArrayAccessExpr,168,0,16,0,51,0,25,0,17,0
javaparser-symbol-solver-testing,com.github.javaparser.ast.expr,CastExpr,93,75,12,4,27,24,18,7,10,7
javaparser-symbol-solver-testing,com.github.javaparser.ast.expr,AssignExpr.new Object() {...},82,0,0,0,1,0,1,0,1,0
javaparser-symbol-solver-testing,com.github.javaparser.ast.expr,UnaryExpr.Operator,18,127,2,0,3,14,5,3,4,3
javaparser-symbol-solver-testing,com.github.javaparser.ast.expr,DoubleLiteralExpr,86,0,4,0,29,0,18,0,16,0
javaparser-symbol-solver-testing,com.github.javaparser.ast.expr,ArrayCreationExpr,321,0,36,0,84,0,42,0,24,0
javaparser-symbol-solver-testing,com.github.javaparser.ast.expr,ConditionalExpr,221,0,22,0,65,0,30,0,19,0
javaparser-symbol-solver-testing,com.github.javaparser.ast.expr,TextBlockLiteralExpr,207,0,18,0,40,0,34,0,25,0
javaparser-symbol-solver-testing,com.github.javaparser.ast.expr,ObjectCreationExpr,354,129,61,7,84,38,46,15,12,15
javaparser-symbol-solver-testing,com.github.javaparser.ast.expr,SwitchExpr,209,0,22,0,57,0,29,0,18,0
javaparser-symbol-solver-testing,com.github.javaparser.ast.expr,TypeExpr,71,44,8,2,22,15,15,5,10,5
javaparser-symbol-solver-testing,com.github.javaparser.ast.expr,ThisExpr,97,44,13,3,29,15,20,6,13,5
javaparser-symbol-solver-testing,com.github.javaparser.ast.expr,BinaryExpr.new Object() {...},82,0,0,0,1,0,1,0,1,0
javaparser-symbol-solver-testing,com.github.javaparser.ast.expr,VariableDeclarationExpr,325,111,34,6,58,34,37,10,17,10
javaparser-symbol-solver-testing,com.github.javaparser.ast.expr,LambdaExpr,185,108,19,7,42,32,26,11,15,9
javaparser-symbol-solver-testing,com.github.javaparser.ast.expr,ClassExpr,66,49,8,2,21,16,14,6,9,6
javaparser-symbol-solver-testing,com.github.javaparser.ast.expr,MethodReferenceExpr,154,80,24,4,40,25,25,8,11,8
javaparser-symbol-solver-testing,com.github.javaparser.ast.expr,NameExpr,65,77,8,2,19,22,12,10,7,10
javaparser-symbol-solver-testing,com.github.javaparser.ast.expr,LiteralStringValueExpr,48,28,5,1,17,9,13,2,10,2
javaparser-symbol-solver-testing,com.github.javaparser.ast.expr,MemberValuePair,91,75,12,4,24,24,15,7,7,7
javaparser-symbol-solver-testing,com.github.javaparser.ast.expr,LiteralExpr,42,6,4,0,15,3,11,1,9,1
javaparser-symbol-solver-testing,com.github.javaparser.ast.expr,SimpleName,40,43,5,1,13,14,9,6,6,6
javaparser-symbol-solver-testing,com.github.javaparser.ast.expr,SuperExpr,134,0,16,0,43,0,25,0,17,0
javaparser-symbol-solver-testing,com.github.javaparser.ast.expr,MethodCallExpr,303,132,42,8,69,39,40,14,16,13
javaparser-symbol-solver-testing,com.github.javaparser.ast.expr,BooleanLiteralExpr,49,44,4,2,17,14,12,7,10,6
javaparser-symbol-solver-testing,com.github.javaparser.ast.expr,StringLiteralExpr,63,19,4,0,21,7,14,4,12,4
javaparser-symbol-solver-testing,com.github.javaparser.ast.expr,AnnotationExpr,75,37,8,2,23,12,16,3,11,3
javaparser-symbol-solver-testing,com.github.javaparser.ast.expr,ArrayInitializerExpr,150,0,16,0,42,0,23,0,15,0
javaparser-symbol-solver-testing,com.github.javaparser.ast.expr,Expression,643,11,4,0,154,4,151,2,149,2
javaparser-symbol-solver-testing,com.github.javaparser.ast.expr,BinaryExpr.Operator,48,237,12,0,14,24,14,3,3,3
javaparser-symbol-solver-testing,com.github.javaparser.ast.expr,LongLiteralExpr,135,14,20,0,32,6,23,3,13,3
javaparser-symbol-solver-testing,com.github.javaparser.ast.expr,BinaryExpr,92,105,13,5,27,32,18,10,9,10
javaparser-symbol-solver-testing,com.github.javaparser.ast.expr,UnaryExpr,81,74,11,3,24,23,18,8,11,8
javaparser-symbol-solver-testing,com.github.javaparser.ast.expr,MarkerAnnotationExpr,59,14,4,0,19,6,13,3,11,3
javaparser-symbol-solver-testing,com.github.javaparser.ast.expr,AssignExpr.Operator,64,144,12,0,15,16,15,2,4,2
javaparser-symbol-solver-testing,com.github.javaparser.ast.expr,NullLiteralExpr,45,13,4,0,15,6,11,3,9,3
javaparser-symbol-solver-testing,com.github.javaparser.ast.expr,FieldAccessExpr,201,94,33,5,47,29,32,10,13,10
javaparser-symbol-solver-testing,com.github.javaparser.ast.expr,InstanceOfExpr,93,75,12,4,27,24,18,7,10,7
javaparser-symbol-solver-testing,com.github.javaparser.ast.expr,AssignExpr,100,97,13,5,29,30,20,8,11,8
javaparser-symbol-solver-testing,com.github.javaparser.ast.expr,CharLiteralExpr,76,14,4,0,23,6,16,3,14,3
javaparser-symbol-solver-testing,com.github.javaparser.resolution.types.parametrization,ResolvedTypeParameterValueProvider,0,56,2,12,0,13,2,6,0,1
javaparser-symbol-solver-testing,com.github.javaparser.resolution.types.parametrization,ResolvedTypeParametersMap,29,128,5,9,6,24,7,12,2,10
javaparser-symbol-solver-testing,com.github.javaparser.resolution.types.parametrization,ResolvedTypeParametersMap.Builder,0,60,0,0,0,15,0,4,0,4
javaparser-symbol-solver-testing,com.github.javaparser.printer,DotPrinter,331,0,18,0,46,0,14,0,5,0
javaparser-symbol-solver-testing,com.github.javaparser.printer,SourcePrinter,277,93,24,2,62,23,26,5,13,4
javaparser-symbol-solver-testing,com.github.javaparser.printer,PrettyPrinterConfiguration.IndentType,5,55,0,0,0,8,1,3,1,3
javaparser-symbol-solver-testing,com.github.javaparser.printer,SourcePrinter.new Object() {...},26,0,0,0,1,0,1,0,1,0
javaparser-symbol-solver-testing,com.github.javaparser.printer,PrettyPrinter,6,21,0,0,2,6,1,2,1,2
javaparser-symbol-solver-testing,com.github.javaparser.printer,ConcreteSyntaxModel,4545,0,10,0,697,0,19,0,14,0
javaparser-symbol-solver-testing,com.github.javaparser.printer,PrettyPrintVisitor,4693,248,419,23,1072,66,333,15,116,11
javaparser-symbol-solver-testing,com.github.javaparser.printer,YamlPrinter,324,0,22,0,51,0,17,0,6,0
javaparser-symbol-solver-testing,com.github.javaparser.printer,PrettyPrinterConfiguration,94,87,3,4,30,26,20,9,17,8
javaparser-symbol-solver-testing,com.github.javaparser.printer,XmlPrinter,227,0,16,0,37,0,14,0,6,0
javaparser-symbol-solver-testing,com.github.javaparser.printer,PrettyPrinterConfiguration.new Object() {...},26,0,0,0,1,0,1,0,1,0
javaparser-symbol-solver-testing,com.github.javaparser.ast.type,PrimitiveType.Primitive,12,121,0,0,2,14,3,3,3,3
javaparser-symbol-solver-testing,com.github.javaparser.ast.type,ArrayType,73,205,11,15,22,44,17,18,9,13
javaparser-symbol-solver-testing,com.github.javaparser.ast.type,UnionType,172,0,16,0,45,0,26,0,18,0
javaparser-symbol-solver-testing,com.github.javaparser.ast.type,WildcardType,218,52,26,2,58,16,31,9,17,9
javaparser-symbol-solver-testing,com.github.javaparser.ast.type,VarType,72,0,4,0,24,0,17,0,15,0
javaparser-symbol-solver-testing,com.github.javaparser.ast.type,UnknownType,55,25,5,1,16,10,13,5,10,5
javaparser-symbol-solver-testing,com.github.javaparser.ast.type,Type,298,46,18,2,70,15,61,5,51,5
javaparser-symbol-solver-testing,com.github.javaparser.ast.type,VoidType,41,31,4,0,15,9,11,6,9,6
javaparser-symbol-solver-testing,com.github.javaparser.ast.type,ArrayType.ArrayBracketPair,0,49,0,0,0,15,0,7,0,7
javaparser-symbol-solver-testing,com.github.javaparser.ast.type,PrimitiveType,107,84,5,3,29,20,23,10,20,9
javaparser-symbol-solver-testing,com.github.javaparser.ast.type,IntersectionType,165,0,16,0,43,0,25,0,17,0
javaparser-symbol-solver-testing,com.github.javaparser.ast.type,TypeParameter,187,87,18,4,39,27,25,9,14,9
javaparser-symbol-solver-testing,com.github.javaparser.ast.type,ArrayType.Origin,21,29,0,0,1,5,2,2,2,2
javaparser-symbol-solver-testing,com.github.javaparser.ast.type,ReferenceType,50,7,4,0,17,3,12,1,10,1
javaparser-symbol-solver-testing,com.github.javaparser.ast.type,ClassOrInterfaceType,276,125,32,8,57,36,36,14,18,12
javaparser-symbol-solver-testing,com.github.javaparser.printer.lexicalpreservation.changes,NoChange,7,0,0,0,2,0,2,0,2,0
javaparser-symbol-solver-testing,com.github.javaparser.printer.lexicalpreservation.changes,PropertyChange,32,0,2,0,11,0,6,0,5,0
javaparser-symbol-solver-testing,com.github.javaparser.printer.lexicalpreservation.changes,ListAdditionChange,69,0,4,0,16,0,4,0,2,0
javaparser-symbol-solver-testing,com.github.javaparser.printer.lexicalpreservation.changes,Change.new Object() {...},33,0,0,0,1,0,1,0,1,0
javaparser-symbol-solver-testing,com.github.javaparser.printer.lexicalpreservation.changes,ListRemovalChange,65,0,4,0,15,0,4,0,2,0
javaparser-symbol-solver-testing,com.github.javaparser.printer.lexicalpreservation.changes,ListReplacementChange,75,0,6,0,18,0,5,0,2,0
javaparser-symbol-solver-testing,com.github.javaparser.printer.lexicalpreservation.changes,Change,66,0,9,0,6,0,8,0,2,0
javaparser-symbol-solver-testing,com.github.javaparser.resolution,MethodUsage,111,241,11,13,22,49,14,17,6,13
javaparser-symbol-solver-testing,com.github.javaparser.resolution,UnsolvedSymbolException,36,46,0,2,8,9,3,4,3,3
javaparser-symbol-solver-testing,com.github.javaparser.resolution,MethodAmbiguityException,4,0,0,0,2,0,1,0,1,0
javaparser-symbol-solver-testing,com.github.javaparser.javadoc,Javadoc,249,0,22,0,49,0,25,0,14,0
javaparser-symbol-solver-testing,com.github.javaparser.javadoc,JavadocBlockTag.Type,203,0,10,0,23,0,11,0,6,0
javaparser-symbol-solver-testing,com.github.javaparser.javadoc,JavadocBlockTag,194,0,14,0,40,0,19,0,12,0
javaparser-symbol-solver-testing,com.github.javaparser.printer.lexicalpreservation,TextElementMatchers.new TextElementMatcher() {...},20,0,0,0,3,0,3,0,3,0
javaparser-symbol-solver-testing,com.github.javaparser.printer.lexicalpreservation,WrappingRangeIterator,31,0,2,0,10,0,4,0,3,0
javaparser-symbol-solver-testing,com.github.javaparser.printer.lexicalpreservation,TextElementIteratorsFactory.EmptyIterator,9,0,0,0,3,0,3,0,3,0
javaparser-symbol-solver-testing,com.github.javaparser.printer.lexicalpreservation,Reshuffled,83,0,8,0,18,0,13,0,9,0
javaparser-symbol-solver-testing,com.github.javaparser.printer.lexicalpreservation,Difference,2575,0,438,0,458,0,252,0,33,0
javaparser-symbol-solver-testing,com.github.javaparser.printer.lexicalpreservation,DifferenceElementCalculator,721,0,112,0,142,0,69,0,13,0
javaparser-symbol-solver-testing,com.github.javaparser.printer.lexicalpreservation,TokenTextElement,119,0,8,0,28,0,25,0,21,0
javaparser-symbol-solver-testing,com.github.javaparser.printer.lexicalpreservation,RemovedGroup,304,0,38,0,66,0,38,0,19,0
javaparser-symbol-solver-testing,com.github.javaparser.printer.lexicalpreservation,TextElementIteratorsFactory.SingleElementIterator,20,0,2,0,7,0,5,0,4,0
javaparser-symbol-solver-testing,com.github.javaparser.printer.lexicalpreservation,LexicalDifferenceCalculator.new Object() {...},89,0,0,0,1,0,1,0,1,0
javaparser-symbol-solver-testing,com.github.javaparser.printer.lexicalpreservation,TextElementIteratorsFactory.ComposedIterator,59,0,6,0,15,0,7,0,4,0
javaparser-symbol-solver-testing,com.github.javaparser.printer.lexicalpreservation,TextElementIteratorsFactory.CascadingIterator,83,0,12,0,27,0,10,0,4,0
javaparser-symbol-solver-testing,com.github.javaparser.printer.lexicalpreservation,Added,96,0,10,0,19,0,15,0,10,0
javaparser-symbol-solver-testing,com.github.javaparser.printer.lexicalpreservation,LexicalDifferenceCalculator,814,0,91,0,164,0,69,0,18,0
javaparser-symbol-solver-testing,com.github.javaparser.printer.lexicalpreservation,Removed,140,0,16,0,34,0,22,0,14,0
javaparser-symbol-solver-testing,com.github.javaparser.printer.lexicalpreservation,Difference.MatchClassification,91,0,0,0,7,0,5,0,5,0
javaparser-symbol-solver-testing,com.github.javaparser.printer.lexicalpreservation,TextElementIteratorsFactory.new TextElementIteratorsFactory.SingleElementIterator() {...},16,0,0,0,3,0,2,0,2,0
javaparser-symbol-solver-testing,com.github.javaparser.printer.lexicalpreservation,LexicalPreservingPrinter.new Object() {...},61,0,0,0,1,0,1,0,1,0
javaparser-symbol-solver-testing,com.github.javaparser.printer.lexicalpreservation,LexicalPreservingPrinter.new DataKey() {...},3,0,0,0,1,0,1,0,1,0
javaparser-symbol-solver-testing,com.github.javaparser.printer.lexicalpreservation,LexicalPreservingPrinter.new TreeVisitor() {...},17,0,2,0,4,0,3,0,2,0
javaparser-symbol-solver-testing,com.github.javaparser.printer.lexicalpreservation,LexicalDifferenceCalculator.CalculatedSyntaxModel,56,0,4,0,10,0,8,0,6,0
javaparser-symbol-solver-testing,com.github.javaparser.printer.lexicalpreservation,TextElementIteratorsFactory,62,0,6,0,14,0,7,0,4,0
javaparser-symbol-solver-testing,com.github.javaparser.printer.lexicalpreservation,TextElement,61,0,14,0,13,0,14,0,7,0
javaparser-symbol-solver-testing,com.github.javaparser.printer.lexicalpreservation,PhantomNodeLogic.new AstObserverAdapter() {...},8,0,0,0,3,0,2,0,2,0
javaparser-symbol-solver-testing,com.github.javaparser.printer.lexicalpreservation,LexicalDifferenceCalculator.CsmChild,53,0,6,0,11,0,9,0,6,0
javaparser-symbol-solver-testing,com.github.javaparser.printer.lexicalpreservation,PhantomNodeLogic,87,0,16,0,17,0,12,0,4,0
javaparser-symbol-solver-testing,com.github.javaparser.printer.lexicalpreservation,LexicalPreservingPrinter.Observer,538,0,64,0,111,0,56,0,24,0
javaparser-symbol-solver-testing,com.github.javaparser.printer.lexicalpreservation,TextElementMatcher,16,0,4,0,1,0,4,0,2,0
javaparser-symbol-solver-testing,com.github.javaparser.printer.lexicalpreservation,RemovedGroup.new Iterator() {...},40,0,4,0,4,0,5,0,3,0
javaparser-symbol-solver-testing,com.github.javaparser.printer.lexicalpreservation,NodeText,314,0,24,0,70,0,39,0,27,0
javaparser-symbol-solver-testing,com.github.javaparser.printer.lexicalpreservation,ChildTextElement,90,0,8,0,23,0,22,0,18,0
javaparser-symbol-solver-testing,com.github.javaparser.printer.lexicalpreservation,LexicalPreservingPrinter,947,0,131,0,194,0,93,0,24,0
javaparser-symbol-solver-testing,com.github.javaparser.printer.lexicalpreservation,DifferenceElement,15,0,0,0,3,0,3,0,3,0
javaparser-symbol-solver-testing,com.github.javaparser.printer.lexicalpreservation,NodeText.Option,60,0,0,0,5,0,4,0,4,0
javaparser-symbol-solver-testing,com.github.javaparser.printer.lexicalpreservation,TextElementMatchers,15,0,0,0,3,0,4,0,4,0
javaparser-symbol-solver-testing,com.github.javaparser.printer.lexicalpreservation,Kept,139,0,16,0,36,0,24,0,16,0
javaparser-symbol-solver-testing,com.github.javaparser,JavaParser.new Object() {...},19,0,0,0,1,0,1,0,1,0
javaparser-symbol-solver-testing,com.github.javaparser,StringProvider,2,63,2,4,0,18,2,4,0,3
javaparser-symbol-solver-testing,com.github.javaparser,GeneratedJavaParserTokenManager,5445,6607,1273,484,1104,898,870,307,17,38
javaparser-symbol-solver-testing,com.github.javaparser,SimpleCharStream,492,458,26,30,84,97,27,28,10,16
javaparser-symbol-solver-testing,com.github.javaparser,UnicodeEscapeProcessingProvider.PositionMapping,86,0,8,0,19,0,10,0,6,0
javaparser-symbol-solver-testing,com.github.javaparser,UnicodeEscapeProcessingProvider,456,0,55,0,123,0,48,0,19,0
javaparser-symbol-solver-testing,com.github.javaparser,Problem,174,3,16,0,28,2,21,1,13,1
javaparser-symbol-solver-testing,com.github.javaparser,Token,10,24,0,0,4,8,3,4,3,4
javaparser-symbol-solver-testing,com.github.javaparser,JavaParserBuild,3,0,0,0,1,0,1,0,1,0
javaparser-symbol-solver-testing,com.github.javaparser,ParseResult,37,45,6,4,5,14,6,7,1,7
javaparser-symbol-solver-testing,com.github.javaparser,TokenBase,0,9,0,0,0,3,0,1,0,1
javaparser-symbol-solver-testing,com.github.javaparser,JavaToken.Category,90,96,22,2,10,10,22,4,11,3
javaparser-symbol-solver-testing,com.github.javaparser,ParserConfiguration.LanguageLevel,5,259,0,0,0,39,1,3,1,3
javaparser-symbol-solver-testing,com.github.javaparser,GeneratedJavaParser.JJCalls,0,3,0,0,0,1,0,1,0,1
javaparser-symbol-solver-testing,com.github.javaparser,CommentsInserter,48,342,22,38,14,78,20,23,0,13
javaparser-symbol-solver-testing,com.github.javaparser,ParseException,334,0,33,0,70,0,27,0,7,0
javaparser-symbol-solver-testing,com.github.javaparser,TokenMgrException,171,0,17,0,39,0,18,0,6,0
javaparser-symbol-solver-testing,com.github.javaparser,TokenRange.new Iterator() {...},57,0,8,0,13,0,7,0,3,0
javaparser-symbol-solver-testing,com.github.javaparser,Range,206,62,36,10,23,13,37,6,17,3
javaparser-symbol-solver-testing,com.github.javaparser,UnicodeEscapeProcessingProvider.LineCounter,63,0,6,0,23,0,10,0,6,0
javaparser-symbol-solver-testing,com.github.javaparser,GeneratedJavaParserBase,454,311,53,29,85,72,39,33,8,23
javaparser-symbol-solver-testing,com.github.javaparser,ParserConfiguration.new Providers.PreProcessor() {...},39,17,4,2,10,5,6,3,3,3
javaparser-symbol-solver-testing,com.github.javaparser,ParserConfiguration,33,225,4,10,11,64,10,29,6,26
javaparser-symbol-solver-testing,com.github.javaparser,TokenTypes,55,22,7,8,14,10,11,9,7,2
javaparser-symbol-solver-testing,com.github.javaparser,JavadocParser,341,0,44,0,63,0,36,0,14,0
javaparser-symbol-solver-testing,com.github.javaparser,StreamProvider,14,40,5,1,5,11,4,4,1,4
javaparser-symbol-solver-testing,com.github.javaparser,ParseStart,0,43,0,0,0,21,0,1,0,1
javaparser-symbol-solver-testing,com.github.javaparser,UnicodeEscapeProcessingProvider.PositionMapping.DeltaInfo,47,0,0,0,7,0,4,0,4,0
javaparser-symbol-solver-testing,com.github.javaparser,JavaToken.Kind,1987,0,162,0,303,0,161,0,7,0
javaparser-symbol-solver-testing,com.github.javaparser,GeneratedJavaParser.LookaheadSuccess,0,3,0,0,0,1,0,1,0,1
javaparser-symbol-solver-testing,com.github.javaparser,Providers,59,52,2,0,14,8,8,6,7,6
javaparser-symbol-solver-testing,com.github.javaparser,Position,115,135,19,25,13,33,22,16,8,8
javaparser-symbol-solver-testing,com.github.javaparser,ModifierHolder,0,14,0,0,0,5,0,1,0,1
javaparser-symbol-solver-testing,com.github.javaparser,JavaToken,318,136,21,9,80,35,37,12,26,8
javaparser-symbol-solver-testing,com.github.javaparser,StaticJavaParser,182,45,1,1,32,10,31,8,30,8
javaparser-symbol-solver-testing,com.github.javaparser,JavaParser,233,195,2,8,36,39,29,17,28,13
javaparser-symbol-solver-testing,com.github.javaparser,TokenRange,30,71,4,2,6,11,5,7,2,7
javaparser-symbol-solver-testing,com.github.javaparser,ParseProblemException,49,0,2,0,10,0,5,0,4,0
javaparser-symbol-solver-testing,com.github.javaparser,UnicodeEscapeProcessingProvider.PositionMappingBuilder,67,0,4,0,16,0,5,0,3,0
javaparser-symbol-solver-testing,com.github.javaparser,RangedList,5,36,1,1,1,11,1,4,0,4
javaparser-symbol-solver-testing,com.github.javaparser,UnicodeEscapeProcessingProvider.PositionMapping.PositionUpdate.new UnicodeEscapeProcessingProvider.PositionMapping.PositionUpdate() {...},9,0,0,0,4,0,4,0,4,0
javaparser-symbol-solver-testing,com.github.javaparser,GeneratedJavaParserConstants,592,0,0,0,149,0,1,0,1,0
javaparser-symbol-solver-testing,com.github.javaparser,GeneratedJavaParser,10368,11161,1913,1280,2267,2221,1550,820,206,476
javaparser-symbol-solver-testing,com.github.javaparser,GeneratedJavaParserTokenManagerBase,8,59,1,5,2,9,2,4,1,2
javaparser-symbol-solver-testing,com.github.javaparser,UnicodeEscapeProcessingProvider.PositionMapping.PositionUpdate,25,0,0,0,7,0,2,0,2,0
javaparser-symbol-solver-testing,com.github.javaparser,HasParentNode,16,37,4,4,2,7,5,4,2,3
javaparser-symbol-solver-testing,com.github.javaparser.ast.observer,AstObserverAdapter,3,4,0,0,3,2,3,2,3,2
javaparser-symbol-solver-testing,com.github.javaparser.ast.observer,ObservableProperty.Type,21,63,0,0,1,6,2,2,2,2
javaparser-symbol-solver-testing,com.github.javaparser.ast.observer,ObservableProperty,353,1096,30,0,59,107,35,4,20,4
javaparser-symbol-solver-testing,com.github.javaparser.ast.observer,PropagatingAstObserver.new PropagatingAstObserver() {...},29,0,0,0,7,0,4,0,4,0
javaparser-symbol-solver-testing,com.github.javaparser.ast.observer,AstObserver.ListChangeType,50,0,0,0,4,0,4,0,4,0
javaparser-symbol-solver-testing,com.github.javaparser.ast.observer,PropagatingAstObserver,97,0,16,0,33,0,19,0,11,0
javaparser-symbol-solver-testing,com.github.javaparser.ast.visitor,GenericVisitorWithDefaults,487,0,0,0,99,0,99,0,99,0
javaparser-symbol-solver-testing,com.github.javaparser.ast.visitor,EqualsVisitor,3702,242,638,38,812,56,419,25,91,15
javaparser-symbol-solver-testing,com.github.javaparser.ast.visitor,ObjectIdentityHashCodeVisitor,399,0,0,0,99,0,99,0,99,0
javaparser-symbol-solver-testing,com.github.javaparser.ast.visitor,CloneVisitor,4780,380,7,9,725,65,96,14,90,12
javaparser-symbol-solver-testing,com.github.javaparser.ast.visitor,NoCommentHashCodeVisitor,2309,0,84,0,102,0,141,0,99,0
javaparser-symbol-solver-testing,com.github.javaparser.ast.visitor,ModifierVisitor,4764,0,184,0,817,0,312,0,220,0
javaparser-symbol-solver-testing,com.github.javaparser.ast.visitor,GenericVisitorAdapter,3867,0,836,0,1095,0,515,0,97,0
javaparser-symbol-solver-testing,com.github.javaparser.ast.visitor,HashCodeVisitor,3507,538,248,26,83,20,218,18,83,16
javaparser-symbol-solver-testing,com.github.javaparser.ast.visitor,VoidVisitorAdapter,1411,1426,2,0,134,254,199,112,198,112
javaparser-symbol-solver-testing,com.github.javaparser.ast.visitor,NoCommentEqualsVisitor,2881,0,464,0,650,0,336,0,104,0
javaparser-symbol-solver-testing,com.github.javaparser.ast.visitor,VoidVisitorWithDefaults,485,0,0,0,195,0,99,0,99,0
javaparser-symbol-solver-testing,com.github.javaparser.ast.visitor,ObjectIdentityEqualsVisitor,879,0,192,0,99,0,195,0,99,0
javaparser-symbol-solver-testing,com.github.javaparser.ast.visitor,TreeVisitor,93,0,6,0,21,0,9,0,6,0
javaparser-symbol-solver-testing,com.github.javaparser.ast.visitor,GenericListVisitorAdapter,5111,0,832,0,1186,0,514,0,98,0
javaparser-symbol-solver-testing,com.github.javaparser.ast.modules,ModuleDirective,207,0,4,0,53,0,48,0,46,0
javaparser-symbol-solver-testing,com.github.javaparser.ast.modules,ModuleDeclaration,332,0,36,0,82,0,38,0,20,0
javaparser-symbol-solver-testing,com.github.javaparser.ast.modules,ModuleExportsDirective,222,0,22,0,63,0,33,0,22,0
javaparser-symbol-solver-testing,com.github.javaparser.ast.modules,ModuleOpensDirective,214,0,22,0,61,0,32,0,21,0
javaparser-symbol-solver-testing,com.github.javaparser.ast.modules,ModuleRequiresDirective,224,0,22,0,63,0,34,0,23,0
javaparser-symbol-solver-testing,com.github.javaparser.ast.modules,ModuleProvidesDirective,214,0,22,0,61,0,32,0,21,0
javaparser-symbol-solver-testing,com.github.javaparser.ast.modules,ModuleUsesDirective,157,0,14,0,51,0,27,0,20,0
javaparser-symbol-solver-testing,com.github.javaparser.utils,VisitorSet.new Iterator() {...},25,0,0,0,6,0,4,0,4,0
javaparser-symbol-solver-testing,com.github.javaparser.utils,StringEscapeUtils.OctalUnescaper,117,0,24,0,17,0,16,0,4,0
javaparser-symbol-solver-testing,com.github.javaparser.utils,ClassUtils,101,0,10,0,21,0,9,0,4,0
javaparser-symbol-solver-testing,com.github.javaparser.utils,SourceZip,186,0,14,0,29,0,19,0,12,0
javaparser-symbol-solver-testing,com.github.javaparser.utils,VisitorList.new VisitorList() {...},15,0,0,0,2,0,1,0,1,0
javaparser-symbol-solver-testing,com.github.javaparser.utils,VisitorList.new ListIterator() {...},64,0,0,0,14,0,10,0,10,0
javaparser-symbol-solver-testing,com.github.javaparser.utils,VisitorList.new Iterator() {...},25,0,0,0,6,0,4,0,4,0
javaparser-symbol-solver-testing,com.github.javaparser.utils,VisitorMap.EqualsHashcodeOverridingFacade,46,0,4,0,9,0,7,0,5,0
javaparser-symbol-solver-testing,com.github.javaparser.utils,Log,62,15,2,0,15,4,11,3,10,3
javaparser-symbol-solver-testing,com.github.javaparser.utils,CollectionStrategy,38,0,0,0,8,0,4,0,4,0
javaparser-symbol-solver-testing,com.github.javaparser.utils,VisitorSet.EqualsHashcodeOverridingFacade,46,0,4,0,9,0,7,0,5,0
javaparser-symbol-solver-testing,com.github.javaparser.utils,SourceRoot.new SimpleFileVisitor() {...},39,0,6,0,6,0,6,0,3,0
javaparser-symbol-solver-testing,com.github.javaparser.utils,SourceRoot.new SimpleFileVisitor() {...},38,0,6,0,5,0,6,0,3,0
javaparser-symbol-solver-testing,com.github.javaparser.utils,SourceRoot.new Object() {...},26,0,0,0,1,0,1,0,1,0
javaparser-symbol-solver-testing,com.github.javaparser.utils,ParserCollectionStrategy,43,0,0,0,10,0,4,0,4,0
javaparser-symbol-solver-testing,com.github.javaparser.utils,StringEscapeUtils,286,0,0,0,35,0,4,0,4,0
javaparser-symbol-solver-testing,com.github.javaparser.utils,Log.StandardOutStandardErrorAdapter,135,0,20,0,22,0,15,0,5,0
javaparser-symbol-solver-testing,com.github.javaparser.utils,SeparatedItemStringBuilder,34,21,2,0,6,7,3,2,2,2
javaparser-symbol-solver-testing,com.github.javaparser.utils,VisitorList,321,0,24,0,57,0,39,0,27,0
javaparser-symbol-solver-testing,com.github.javaparser.utils,VisitorSet,212,0,18,0,39,0,26,0,17,0
javaparser-symbol-solver-testing,com.github.javaparser.utils,CodeGenerationUtils,234,4,20,0,40,1,24,1,14,1
javaparser-symbol-solver-testing,com.github.javaparser.utils,StringEscapeUtils.CharSequenceTranslator,118,0,18,0,33,0,13,0,4,0
javaparser-symbol-solver-testing,com.github.javaparser.utils,VisitorList.EqualsHashcodeOverridingFacade,46,0,4,0,9,0,7,0,5,0
javaparser-symbol-solver-testing,com.github.javaparser.utils,ParserCollectionStrategy.new SimpleFileVisitor() {...},67,0,14,0,14,0,11,0,4,0
javaparser-symbol-solver-testing,com.github.javaparser.utils,StringEscapeUtils.AggregateTranslator,42,0,6,0,8,0,5,0,2,0
javaparser-symbol-solver-testing,com.github.javaparser.utils,SourceRoot.ParallelParse.new SimpleFileVisitor() {...},47,0,4,0,10,0,5,0,3,0
javaparser-symbol-solver-testing,com.github.javaparser.utils,SourceRoot.Callback.Result,60,0,0,0,3,0,4,0,4,0
javaparser-symbol-solver-testing,com.github.javaparser.utils,StringEscapeUtils.LookupTranslator,133,0,16,0,28,0,10,0,2,0
javaparser-symbol-solver-testing,com.github.javaparser.utils,Utils,407,19,65,4,94,6,57,4,22,4
javaparser-symbol-solver-testing,com.github.javaparser.utils,Pair,72,9,14,0,9,4,10,1,3,1
javaparser-symbol-solver-testing,com.github.javaparser.utils,VisitorMap,113,0,0,0,23,0,15,0,15,0
javaparser-symbol-solver-testing,com.github.javaparser.utils,ProjectRoot,67,0,0,0,13,0,7,0,7,0
javaparser-symbol-solver-testing,com.github.javaparser.utils,Log.SilentAdapter,2,4,0,0,2,2,2,2,2,2
javaparser-symbol-solver-testing,com.github.javaparser.utils,SourceRoot,808,0,34,0,168,0,71,0,53,0
javaparser-symbol-solver-testing,com.github.javaparser.utils,PositionUtils,171,88,41,9,37,20,30,8,6,7
javaparser-symbol-solver-testing,com.github.javaparser.utils,StringEscapeUtils.UnicodeUnescaper,118,0,16,0,17,0,10,0,2,0
javaparser-symbol-solver-testing,com.github.javaparser.utils,SourceRoot.ParallelParse,41,0,2,0,11,0,3,0,2,0
javaparser-symbol-solver-testing,com.github.javaparser.metamodel,PackageDeclarationMetaModel,0,9,0,0,0,2,0,1,0,1
javaparser-symbol-solver-testing,com.github.javaparser.metamodel,SwitchEntryMetaModel,0,9,0,0,0,2,0,1,0,1
javaparser-symbol-solver-testing,com.github.javaparser.metamodel,ThisExprMetaModel,0,9,0,0,0,2,0,1,0,1
javaparser-symbol-solver-testing,com.github.javaparser.metamodel,ClassOrInterfaceDeclarationMetaModel,0,9,0,0,0,2,0,1,0,1
javaparser-symbol-solver-testing,com.github.javaparser.metamodel,AssignExprMetaModel,0,9,0,0,0,2,0,1,0,1
javaparser-symbol-solver-testing,com.github.javaparser.metamodel,ModuleDirectiveMetaModel,0,18,0,0,0,4,0,2,0,2
javaparser-symbol-solver-testing,com.github.javaparser.metamodel,NullLiteralExprMetaModel,0,9,0,0,0,2,0,1,0,1
javaparser-symbol-solver-testing,com.github.javaparser.metamodel,UnionTypeMetaModel,0,9,0,0,0,2,0,1,0,1
javaparser-symbol-solver-testing,com.github.javaparser.metamodel,WhileStmtMetaModel,0,9,0,0,0,2,0,1,0,1
javaparser-symbol-solver-testing,com.github.javaparser.metamodel,JavaParserMetaModel,27,6455,4,0,7,857,5,4,3,4
javaparser-symbol-solver-testing,com.github.javaparser.metamodel,AnnotationDeclarationMetaModel,0,9,0,0,0,2,0,1,0,1
javaparser-symbol-solver-testing,com.github.javaparser.metamodel,ModifierMetaModel,0,9,0,0,0,2,0,1,0,1
javaparser-symbol-solver-testing,com.github.javaparser.metamodel,ConditionalExprMetaModel,0,9,0,0,0,2,0,1,0,1
javaparser-symbol-solver-testing,com.github.javaparser.metamodel,DoubleLiteralExprMetaModel,0,9,0,0,0,2,0,1,0,1
javaparser-symbol-solver-testing,com.github.javaparser.metamodel,CatchClauseMetaModel,0,9,0,0,0,2,0,1,0,1
javaparser-symbol-solver-testing,com.github.javaparser.metamodel,AnnotationExprMetaModel,0,18,0,0,0,4,0,2,0,2
javaparser-symbol-solver-testing,com.github.javaparser.metamodel,BooleanLiteralExprMetaModel,0,9,0,0,0,2,0,1,0,1
javaparser-symbol-solver-testing,com.github.javaparser.metamodel,CallableDeclarationMetaModel,0,18,0,0,0,4,0,2,0,2
javaparser-symbol-solver-testing,com.github.javaparser.metamodel,ArrayAccessExprMetaModel,0,9,0,0,0,2,0,1,0,1
javaparser-symbol-solver-testing,com.github.javaparser.metamodel,ModuleRequiresDirectiveMetaModel,0,9,0,0,0,2,0,1,0,1
javaparser-symbol-solver-testing,com.github.javaparser.metamodel,ExpressionStmtMetaModel,0,9,0,0,0,2,0,1,0,1
javaparser-symbol-solver-testing,com.github.javaparser.metamodel,VoidTypeMetaModel,0,9,0,0,0,2,0,1,0,1
javaparser-symbol-solver-testing,com.github.javaparser.metamodel,AssertStmtMetaModel,0,9,0,0,0,2,0,1,0,1
javaparser-symbol-solver-testing,com.github.javaparser.metamodel,EnclosedExprMetaModel,0,9,0,0,0,2,0,1,0,1
javaparser-symbol-solver-testing,com.github.javaparser.metamodel,IntegerLiteralExprMetaModel,0,9,0,0,0,2,0,1,0,1
javaparser-symbol-solver-testing,com.github.javaparser.metamodel,BaseNodeMetaModel,193,73,28,2,38,21,29,7,15,6
javaparser-symbol-solver-testing,com.github.javaparser.metamodel,TypeMetaModel,0,18,0,0,0,4,0,2,0,2
javaparser-symbol-solver-testing,com.github.javaparser.metamodel,LabeledStmtMetaModel,0,9,0,0,0,2,0,1,0,1
javaparser-symbol-solver-testing,com.github.javaparser.metamodel,ContinueStmtMetaModel,0,9,0,0,0,2,0,1,0,1
javaparser-symbol-solver-testing,com.github.javaparser.metamodel,CompilationUnitMetaModel,0,9,0,0,0,2,0,1,0,1
javaparser-symbol-solver-testing,com.github.javaparser.metamodel,SingleMemberAnnotationExprMetaModel,0,9,0,0,0,2,0,1,0,1
javaparser-symbol-solver-testing,com.github.javaparser.metamodel,ExplicitConstructorInvocationStmtMetaModel,0,9,0,0,0,2,0,1,0,1
javaparser-symbol-solver-testing,com.github.javaparser.metamodel,ArrayCreationLevelMetaModel,0,9,0,0,0,2,0,1,0,1
javaparser-symbol-solver-testing,com.github.javaparser.metamodel,IfStmtMetaModel,0,9,0,0,0,2,0,1,0,1
javaparser-symbol-solver-testing,com.github.javaparser.metamodel,InitializerDeclarationMetaModel,0,9,0,0,0,2,0,1,0,1
javaparser-symbol-solver-testing,com.github.javaparser.metamodel,ClassExprMetaModel,0,9,0,0,0,2,0,1,0,1
javaparser-symbol-solver-testing,com.github.javaparser.metamodel,TypeDeclarationMetaModel,0,18,0,0,0,4,0,2,0,2
javaparser-symbol-solver-testing,com.github.javaparser.metamodel,IntersectionTypeMetaModel,0,9,0,0,0,2,0,1,0,1
javaparser-symbol-solver-testing,com.github.javaparser.metamodel,CharLiteralExprMetaModel,0,9,0,0,0,2,0,1,0,1
javaparser-symbol-solver-testing,com.github.javaparser.metamodel,EnumConstantDeclarationMetaModel,0,9,0,0,0,2,0,1,0,1
javaparser-symbol-solver-testing,com.github.javaparser.metamodel,BlockCommentMetaModel,0,9,0,0,0,2,0,1,0,1
javaparser-symbol-solver-testing,com.github.javaparser.metamodel,TypeExprMetaModel,0,9,0,0,0,2,0,1,0,1
javaparser-symbol-solver-testing,com.github.javaparser.metamodel,NodeMetaModel,0,18,0,0,0,4,0,2,0,2
javaparser-symbol-solver-testing,com.github.javaparser.metamodel,ArrayCreationExprMetaModel,0,9,0,0,0,2,0,1,0,1
javaparser-symbol-solver-testing,com.github.javaparser.metamodel,MethodCallExprMetaModel,0,9,0,0,0,2,0,1,0,1
javaparser-symbol-solver-testing,com.github.javaparser.metamodel,ReceiverParameterMetaModel,0,9,0,0,0,2,0,1,0,1
javaparser-symbol-solver-testing,com.github.javaparser.metamodel,UnaryExprMetaModel,0,9,0,0,0,2,0,1,0,1
javaparser-symbol-solver-testing,com.github.javaparser.metamodel,ImportDeclarationMetaModel,0,9,0,0,0,2,0,1,0,1
javaparser-symbol-solver-testing,com.github.javaparser.metamodel,ModuleExportsDirectiveMetaModel,0,9,0,0,0,2,0,1,0,1
javaparser-symbol-solver-testing,com.github.javaparser.metamodel,ArrayInitializerExprMetaModel,0,9,0,0,0,2,0,1,0,1
javaparser-symbol-solver-testing,com.github.javaparser.metamodel,SwitchExprMetaModel,0,9,0,0,0,2,0,1,0,1
javaparser-symbol-solver-testing,com.github.javaparser.metamodel,ThrowStmtMetaModel,0,9,0,0,0,2,0,1,0,1
javaparser-symbol-solver-testing,com.github.javaparser.metamodel,LineCommentMetaModel,0,9,0,0,0,2,0,1,0,1
javaparser-symbol-solver-testing,com.github.javaparser.metamodel,LiteralExprMetaModel,0,18,0,0,0,4,0,2,0,2
javaparser-symbol-solver-testing,com.github.javaparser.metamodel,ExpressionMetaModel,0,18,0,0,0,4,0,2,0,2
javaparser-symbol-solver-testing,com.github.javaparser.metamodel,VariableDeclaratorMetaModel,0,9,0,0,0,2,0,1,0,1
javaparser-symbol-solver-testing,com.github.javaparser.metamodel,ForStmtMetaModel,0,9,0,0,0,2,0,1,0,1
javaparser-symbol-solver-testing,com.github.javaparser.metamodel,InstanceOfExprMetaModel,0,9,0,0,0,2,0,1,0,1
javaparser-symbol-solver-testing,com.github.javaparser.metamodel,StatementMetaModel,0,18,0,0,0,4,0,2,0,2
javaparser-symbol-solver-testing,com.github.javaparser.metamodel,VariableDeclarationExprMetaModel,0,9,0,0,0,2,0,1,0,1
javaparser-symbol-solver-testing,com.github.javaparser.metamodel,WildcardTypeMetaModel,0,9,0,0,0,2,0,1,0,1
javaparser-symbol-solver-testing,com.github.javaparser.metamodel,SimpleNameMetaModel,0,9,0,0,0,2,0,1,0,1
javaparser-symbol-solver-testing,com.github.javaparser.metamodel,TryStmtMetaModel,0,9,0,0,0,2,0,1,0,1
javaparser-symbol-solver-testing,com.github.javaparser.metamodel,TextBlockLiteralExprMetaModel,0,9,0,0,0,2,0,1,0,1
javaparser-symbol-solver-testing,com.github.javaparser.metamodel,MethodReferenceExprMetaModel,0,9,0,0,0,2,0,1,0,1
javaparser-symbol-solver-testing,com.github.javaparser.metamodel,BinaryExprMetaModel,0,9,0,0,0,2,0,1,0,1
javaparser-symbol-solver-testing,com.github.javaparser.metamodel,JavadocCommentMetaModel,0,9,0,0,0,2,0,1,0,1
javaparser-symbol-solver-testing,com.github.javaparser.metamodel,ModuleDeclarationMetaModel,0,9,0,0,0,2,0,1,0,1
javaparser-symbol-solver-testing,com.github.javaparser.metamodel,CommentMetaModel,0,18,0,0,0,4,0,2,0,2
javaparser-symbol-solver-testing,com.github.javaparser.metamodel,CastExprMetaModel,0,9,0,0,0,2,0,1,0,1
javaparser-symbol-solver-testing,com.github.javaparser.metamodel,TypeParameterMetaModel,0,9,0,0,0,2,0,1,0,1
javaparser-symbol-solver-testing,com.github.javaparser.metamodel,ParameterMetaModel,0,9,0,0,0,2,0,1,0,1
javaparser-symbol-solver-testing,com.github.javaparser.metamodel,ReferenceTypeMetaModel,0,18,0,0,0,4,0,2,0,2
javaparser-symbol-solver-testing,com.github.javaparser.metamodel,ReturnStmtMetaModel,0,9,0,0,0,2,0,1,0,1
javaparser-symbol-solver-testing,com.github.javaparser.metamodel,ForEachStmtMetaModel,0,9,0,0,0,2,0,1,0,1
javaparser-symbol-solver-testing,com.github.javaparser.metamodel,UnparsableStmtMetaModel,0,9,0,0,0,2,0,1,0,1
javaparser-symbol-solver-testing,com.github.javaparser.metamodel,LambdaExprMetaModel,0,9,0,0,0,2,0,1,0,1
javaparser-symbol-solver-testing,com.github.javaparser.metamodel,ConstructorDeclarationMetaModel,0,9,0,0,0,2,0,1,0,1
javaparser-symbol-solver-testing,com.github.javaparser.metamodel,ModuleOpensDirectiveMetaModel,0,9,0,0,0,2,0,1,0,1
javaparser-symbol-solver-testing,com.github.javaparser.metamodel,FieldDeclarationMetaModel,0,9,0,0,0,2,0,1,0,1
javaparser-symbol-solver-testing,com.github.javaparser.metamodel,BreakStmtMetaModel,0,9,0,0,0,2,0,1,0,1
javaparser-symbol-solver-testing,com.github.javaparser.metamodel,FieldAccessExprMetaModel,0,9,0,0,0,2,0,1,0,1
javaparser-symbol-solver-testing,com.github.javaparser.metamodel,NameExprMetaModel,0,9,0,0,0,2,0,1,0,1
javaparser-symbol-solver-testing,com.github.javaparser.metamodel,DoStmtMetaModel,0,9,0,0,0,2,0,1,0,1
javaparser-symbol-solver-testing,com.github.javaparser.metamodel,BodyDeclarationMetaModel,0,18,0,0,0,4,0,2,0,2
javaparser-symbol-solver-testing,com.github.javaparser.metamodel,StringLiteralExprMetaModel,0,9,0,0,0,2,0,1,0,1
javaparser-symbol-solver-testing,com.github.javaparser.metamodel,LocalClassDeclarationStmtMetaModel,0,9,0,0,0,2,0,1,0,1
javaparser-symbol-solver-testing,com.github.javaparser.metamodel,BlockStmtMetaModel,0,9,0,0,0,2,0,1,0,1
javaparser-symbol-solver-testing,com.github.javaparser.metamodel,SuperExprMetaModel,0,9,0,0,0,2,0,1,0,1
javaparser-symbol-solver-testing,com.github.javaparser.metamodel,ObjectCreationExprMetaModel,0,9,0,0,0,2,0,1,0,1
javaparser-symbol-solver-testing,com.github.javaparser.metamodel,YieldStmtMetaModel,0,9,0,0,0,2,0,1,0,1
javaparser-symbol-solver-testing,com.github.javaparser.metamodel,SwitchStmtMetaModel,0,9,0,0,0,2,0,1,0,1
javaparser-symbol-solver-testing,com.github.javaparser.metamodel,MemberValuePairMetaModel,0,9,0,0,0,2,0,1,0,1
javaparser-symbol-solver-testing,com.github.javaparser.metamodel,PrimitiveTypeMetaModel,0,9,0,0,0,2,0,1,0,1
javaparser-symbol-solver-testing,com.github.javaparser.metamodel,ArrayTypeMetaModel,0,9,0,0,0,2,0,1,0,1
javaparser-symbol-solver-testing,com.github.javaparser.metamodel,EmptyStmtMetaModel,0,9,0,0,0,2,0,1,0,1
javaparser-symbol-solver-testing,com.github.javaparser.metamodel,UnknownTypeMetaModel,0,9,0,0,0,2,0,1,0,1
javaparser-symbol-solver-testing,com.github.javaparser.metamodel,ModuleUsesDirectiveMetaModel,0,9,0,0,0,2,0,1,0,1
javaparser-symbol-solver-testing,com.github.javaparser.metamodel,NormalAnnotationExprMetaModel,0,9,0,0,0,2,0,1,0,1
javaparser-symbol-solver-testing,com.github.javaparser.metamodel,ModuleProvidesDirectiveMetaModel,0,9,0,0,0,2,0,1,0,1
javaparser-symbol-solver-testing,com.github.javaparser.metamodel,EnumDeclarationMetaModel,0,9,0,0,0,2,0,1,0,1
javaparser-symbol-solver-testing,com.github.javaparser.metamodel,PropertyMetaModel,216,74,28,4,37,19,36,6,21,5
javaparser-symbol-solver-testing,com.github.javaparser.metamodel,AnnotationMemberDeclarationMetaModel,0,9,0,0,0,2,0,1,0,1
javaparser-symbol-solver-testing,com.github.javaparser.metamodel,MethodDeclarationMetaModel,0,9,0,0,0,2,0,1,0,1
javaparser-symbol-solver-testing,com.github.javaparser.metamodel,SynchronizedStmtMetaModel,0,9,0,0,0,2,0,1,0,1
javaparser-symbol-solver-testing,com.github.javaparser.metamodel,VarTypeMetaModel,0,9,0,0,0,2,0,1,0,1
javaparser-symbol-solver-testing,com.github.javaparser.metamodel,LiteralStringValueExprMetaModel,0,18,0,0,0,4,0,2,0,2
javaparser-symbol-solver-testing,com.github.javaparser.metamodel,ClassOrInterfaceTypeMetaModel,0,9,0,0,0,2,0,1,0,1
javaparser-symbol-solver-testing,com.github.javaparser.metamodel,NameMetaModel,0,9,0,0,0,2,0,1,0,1
javaparser-symbol-solver-testing,com.github.javaparser.metamodel,LongLiteralExprMetaModel,0,9,0,0,0,2,0,1,0,1
javaparser-symbol-solver-testing,com.github.javaparser.metamodel,MarkerAnnotationExprMetaModel,0,9,0,0,0,2,0,1,0,1
javaparser-symbol-solver-testing,com.github.javaparser.ast.nodeTypes.modifiers,NodeWithProtectedModifier,9,0,0,0,2,0,2,0,2,0
javaparser-symbol-solver-testing,com.github.javaparser.ast.nodeTypes.modifiers,NodeWithAbstractModifier,5,4,0,0,1,1,1,1,1,1
javaparser-symbol-solver-testing,com.github.javaparser.ast.nodeTypes.modifiers,NodeWithPrivateModifier,9,0,0,0,2,0,2,0,2,0
javaparser-symbol-solver-testing,com.github.javaparser.ast.nodeTypes.modifiers,NodeWithPublicModifier,9,0,0,0,2,0,2,0,2,0
javaparser-symbol-solver-testing,com.github.javaparser.ast.nodeTypes.modifiers,NodeWithFinalModifier,9,0,0,0,2,0,2,0,2,0
javaparser-symbol-solver-testing,com.github.javaparser.ast.nodeTypes.modifiers,NodeWithStrictfpModifier,9,0,0,0,2,0,2,0,2,0
javaparser-symbol-solver-testing,com.github.javaparser.ast.nodeTypes.modifiers,NodeWithStaticModifier,9,0,0,0,2,0,2,0,2,0
javaparser-symbol-solver-testing,com.github.javaparser.printer.concretesyntaxmodel,CsmToken,192,0,32,0,40,0,27,0,11,0
javaparser-symbol-solver-testing,com.github.javaparser.printer.concretesyntaxmodel,CsmSingleReference,20,0,2,0,8,0,4,0,3,0
javaparser-symbol-solver-testing,com.github.javaparser.printer.concretesyntaxmodel,CsmAttribute,141,0,16,0,24,0,14,0,4,0
javaparser-symbol-solver-testing,com.github.javaparser.printer.concretesyntaxmodel,CsmList,201,0,42,0,45,0,30,0,9,0
javaparser-symbol-solver-testing,com.github.javaparser.printer.concretesyntaxmodel,CsmSequence,37,0,4,0,10,0,6,0,4,0
javaparser-symbol-solver-testing,com.github.javaparser.printer.concretesyntaxmodel,CsmTextBlock,32,0,0,0,8,0,3,0,3,0
javaparser-symbol-solver-testing,com.github.javaparser.printer.concretesyntaxmodel,PrintingHelper,25,0,6,0,8,0,5,0,2,0
javaparser-symbol-solver-testing,com.github.javaparser.printer.concretesyntaxmodel,CsmOrphanCommentsEnding,66,0,10,0,17,0,7,0,2,0
javaparser-symbol-solver-testing,com.github.javaparser.printer.concretesyntaxmodel,CsmElement,184,0,0,0,28,0,28,0,28,0
javaparser-symbol-solver-testing,com.github.javaparser.printer.concretesyntaxmodel,CsmConditional,120,0,12,0,31,0,15,0,9,0
javaparser-symbol-solver-testing,com.github.javaparser.printer.concretesyntaxmodel,CsmChar,22,0,0,0,7,0,2,0,2,0
javaparser-symbol-solver-testing,com.github.javaparser.printer.concretesyntaxmodel,CsmNone,4,0,0,0,2,0,2,0,2,0
javaparser-symbol-solver-testing,com.github.javaparser.printer.concretesyntaxmodel,CsmString,32,0,0,0,8,0,3,0,3,0
javaparser-symbol-solver-testing,com.github.javaparser.printer.concretesyntaxmodel,CsmMix,94,0,16,0,16,0,16,0,8,0
javaparser-symbol-solver-testing,com.github.javaparser.printer.concretesyntaxmodel,CsmComment,73,0,6,0,19,0,7,0,4,0
javaparser-symbol-solver-testing,com.github.javaparser.printer.concretesyntaxmodel,CsmIndent,12,0,0,0,5,0,4,0,4,0
javaparser-symbol-solver-testing,com.github.javaparser.printer.concretesyntaxmodel,CsmConditional.Condition,127,0,18,0,17,0,14,0,5,0
javaparser-symbol-solver-testing,com.github.javaparser.printer.concretesyntaxmodel,CsmUnindent,12,0,0,0,5,0,4,0,4,0
javaparser-symbol-solver-testing,com.github.javaparser.printer.concretesyntaxmodel,CsmAttribute.new Object() {...},47,0,0,0,1,0,1,0,1,0
javaparser-symbol-solver-testing,com.github.javaparser.ast.comments,BlockComment,53,12,4,0,18,5,13,2,11,2
javaparser-symbol-solver-testing,com.github.javaparser.ast.comments,JavadocComment,52,17,4,0,18,6,13,3,11,3
javaparser-symbol-solver-testing,com.github.javaparser.ast.comments,Comment,154,57,17,5,40,18,31,6,20,6
javaparser-symbol-solver-testing,com.github.javaparser.ast.comments,CommentsCollection,161,38,14,0,31,10,23,5,16,5
javaparser-symbol-solver-testing,com.github.javaparser.ast.comments,LineComment,42,23,4,0,14,9,9,6,7,6
javaparser-symbol-solver-testing,com.github.javaparser.ast.body,EnumConstantDeclaration,206,114,28,6,44,34,28,10,11,10
javaparser-symbol-solver-testing,com.github.javaparser.ast.body,MethodDeclaration,348,125,37,5,74,33,38,17,18,16
javaparser-symbol-solver-testing,com.github.javaparser.ast.body,CallableDeclaration,434,176,71,11,97,52,56,13,15,13
javaparser-symbol-solver-testing,com.github.javaparser.ast.body,ClassOrInterfaceDeclaration,270,171,41,9,49,46,34,18,10,17
javaparser-symbol-solver-testing,com.github.javaparser.ast.body,VariableDeclarator,154,120,21,7,39,36,24,12,11,11
javaparser-symbol-solver-testing,com.github.javaparser.ast.body,AnnotationMemberDeclaration,222,128,33,7,54,38,32,12,12,12
javaparser-symbol-solver-testing,com.github.javaparser.ast.body,FieldDeclaration,503,83,44,4,78,25,47,8,23,8
javaparser-symbol-solver-testing,com.github.javaparser.ast.body,ConstructorDeclaration,246,83,16,2,47,21,23,11,14,11
javaparser-symbol-solver-testing,com.github.javaparser.ast.body,AnnotationDeclaration,85,24,4,0,20,7,14,4,12,4
javaparser-symbol-solver-testing,com.github.javaparser.ast.body,ReceiverParameter,266,0,28,0,69,0,31,0,17,0
javaparser-symbol-solver-testing,com.github.javaparser.ast.body,VariableDeclarator.new AstObserverAdapter() {...},73,6,10,0,15,1,6,1,1,1
javaparser-symbol-solver-testing,com.github.javaparser.ast.body,TypeDeclaration,264,164,29,7,49,34,37,15,19,15
javaparser-symbol-solver-testing,com.github.javaparser.ast.body,InitializerDeclaration,143,0,12,0,44,0,23,0,17,0
javaparser-symbol-solver-testing,com.github.javaparser.ast.body,BodyDeclaration,284,39,14,2,67,13,58,4,50,4
javaparser-symbol-solver-testing,com.github.javaparser.ast.body,CallableDeclaration.Signature,87,0,10,0,21,0,12,0,7,0
javaparser-symbol-solver-testing,com.github.javaparser.ast.body,EnumDeclaration,230,92,24,4,47,26,28,9,14,9
javaparser-symbol-solver-testing,com.github.javaparser.ast.body,Parameter,299,206,42,12,57,60,34,18,8,17
javaparser-symbol-solver-testing,com.github.javaparser.resolution.declarations,ResolvedTypeParameterDeclaration,101,23,16,0,20,3,16,3,8,3
javaparser-symbol-solver-testing,com.github.javaparser.resolution.declarations,ResolvedEnumDeclaration,42,2,0,0,4,1,6,1,6,1
javaparser-symbol-solver-testing,com.github.javaparser.resolution.declarations,ResolvedClassDeclaration,0,2,0,0,0,1,0,1,0,1
javaparser-symbol-solver-testing,com.github.javaparser.resolution.declarations,AssociableToAST,4,0,0,0,1,0,1,0,1,0
javaparser-symbol-solver-testing,com.github.javaparser.resolution.declarations,ResolvedMethodLikeDeclaration,72,83,8,8,12,17,9,8,4,5
javaparser-symbol-solver-testing,com.github.javaparser.resolution.declarations,ResolvedEnumConstantDeclaration,4,0,0,0,2,0,2,0,2,0
javaparser-symbol-solver-testing,com.github.javaparser.resolution.declarations,ResolvedTypeParametrizable,8,0,2,0,1,0,2,0,1,0
javaparser-symbol-solver-testing,com.github.javaparser.resolution.declarations,ResolvedDeclaration,72,2,0,0,11,1,11,1,11,1
javaparser-symbol-solver-testing,com.github.javaparser.resolution.declarations,ResolvedInterfaceDeclaration,29,0,2,0,6,0,3,0,2,0
javaparser-symbol-solver-testing,com.github.javaparser.resolution.declarations,ResolvedParameterDeclaration,6,20,0,2,3,3,3,2,3,1
javaparser-symbol-solver-testing,com.github.javaparser.resolution.declarations,ResolvedTypeParameterDeclaration.new ResolvedTypeParameterDeclaration() {...},45,0,0,0,11,0,11,0,11,0
javaparser-symbol-solver-testing,com.github.javaparser.resolution.declarations,ResolvedTypeParameterDeclaration.Bound,91,21,18,0,14,7,14,4,5,4
javaparser-symbol-solver-testing,com.github.javaparser.resolution.declarations,ResolvedTypeDeclaration,135,11,1,1,17,5,17,3,16,3
javaparser-symbol-solver-testing,com.github.javaparser.resolution.declarations,ResolvedFieldDeclaration,4,0,0,0,2,0,2,0,2,0
javaparser-symbol-solver-testing,com.github.javaparser.resolution.declarations,ResolvedReferenceTypeDeclaration,116,141,14,12,14,23,18,18,9,14
javaparser-symbol-solver-testing,com.github.javaparser.ast.validator.chunks,NoUnderscoresInIntegerLiteralsValidator,28,3,2,0,9,1,4,1,3,1
javaparser-symbol-solver-testing,com.github.javaparser.ast.validator.chunks,NoBinaryIntegerLiteralsValidator,29,3,2,0,9,1,4,1,3,1
javaparser-symbol-solver-testing,com.github.javaparser.ast.validator.chunks,VarValidator,180,6,34,0,49,3,24,1,7,1
javaparser-symbol-solver-testing,com.github.javaparser.ast.validator.chunks,UnderscoreKeywordValidator,16,18,1,1,4,6,2,3,1,3
javaparser-symbol-solver-testing,com.github.javaparser.ast.validator.chunks,ModifierValidator,168,718,18,34,22,87,17,30,2,19
javaparser-symbol-solver-testing,com.github.javaparser.ast.validator.chunks,CommonValidators,56,125,7,21,5,29,9,14,2,7
javaparser-symbol-solver-testing,com.github.javaparser.version,Java11PostProcessor,0,3,0,0,0,1,0,1,0,1
javaparser-symbol-solver-testing,com.github.javaparser.version,Java12PostProcessor,0,3,0,0,0,1,0,1,0,1
javaparser-symbol-solver-testing,com.github.javaparser.version,Java14PostProcessor,0,3,0,0,0,1,0,1,0,1
javaparser-symbol-solver-testing,com.github.javaparser.version,Java13PostProcessor,0,3,0,0,0,1,0,1,0,1
javaparser-symbol-solver-testing,com.github.javaparser.version,Java10PostProcessor,11,30,1,1,1,9,1,4,0,4
javaparser-symbol-solver-testing,com.github.javaparser.version,PostProcessors,25,33,2,0,7,8,4,4,3,4
javaparser-symbol-solver-testing,com.github.javaparser.javadoc.description,JavadocDescription,181,0,16,0,37,0,20,0,12,0
javaparser-symbol-solver-testing,com.github.javaparser.javadoc.description,JavadocSnippet,55,0,8,0,14,0,9,0,5,0
javaparser-symbol-solver-testing,com.github.javaparser.javadoc.description,JavadocInlineTag.Type,150,0,4,0,18,0,7,0,5,0
javaparser-symbol-solver-testing,com.github.javaparser.javadoc.description,JavadocInlineTag,210,0,28,0,33,0,23,0,9,0
javaparser-symbol-solver-testing,com.github.javaparser.ast,Node.Parsedness,21,29,0,0,1,2,2,2,2,2
javaparser-symbol-solver-testing,com.github.javaparser.ast,ImportDeclaration,72,96,8,6,19,29,12,11,7,9
javaparser-symbol-solver-testing,com.github.javaparser.ast,Node.PostOrderIterator,135,0,10,0,33,0,10,0,5,0
javaparser-symbol-solver-testing,com.github.javaparser.ast,Modifier.Keyword,8,171,0,0,1,18,2,3,2,3
javaparser-symbol-solver-testing,com.github.javaparser.ast,Node.DirectChildrenIterator,20,0,0,0,5,0,3,0,3,0
javaparser-symbol-solver-testing,com.github.javaparser.ast,Modifier,104,43,5,1,25,14,21,6,18,6
javaparser-symbol-solver-testing,com.github.javaparser.ast,Node,454,522,75,51,106,127,85,61,35,45
javaparser-symbol-solver-testing,com.github.javaparser.ast,CompilationUnit.Storage,105,26,0,0,20,10,13,2,13,2
javaparser-symbol-solver-testing,com.github.javaparser.ast,Node.ObserverRegistrationMode,60,0,0,0,8,0,4,0,4,0
javaparser-symbol-solver-testing,com.github.javaparser.ast,AccessSpecifier,24,56,0,0,2,8,3,2,3,2
javaparser-symbol-solver-testing,com.github.javaparser.ast,Node.new Object() {...},65,0,0,0,2,0,1,0,1,0
javaparser-symbol-solver-testing,com.github.javaparser.ast,Node.new DataKey() {...},0,3,0,0,0,1,0,1,0,1
javaparser-symbol-solver-testing,com.github.javaparser.ast,DataKey,16,3,4,0,2,1,4,1,2,1
javaparser-symbol-solver-testing,com.github.javaparser.ast,NodeList,596,143,60,6,118,40,84,19,52,18
javaparser-symbol-solver-testing,com.github.javaparser.ast,Node.TreeTraversal,5,75,0,0,0,3,1,3,1,3
javaparser-symbol-solver-testing,com.github.javaparser.ast,Node.ParentsVisitor,22,0,0,0,6,0,3,0,3,0
javaparser-symbol-solver-testing,com.github.javaparser.ast,ArrayCreationLevel,236,0,28,0,61,0,30,0,16,0
javaparser-symbol-solver-testing,com.github.javaparser.ast,Node.PreOrderIterator,0,48,0,4,0,10,0,5,0,3
javaparser-symbol-solver-testing,com.github.javaparser.ast,Node.BreadthFirstIterator,34,0,2,0,8,0,4,0,3,0
javaparser-symbol-solver-testing,com.github.javaparser.ast,PackageDeclaration,120,85,18,4,28,26,18,7,7,7
javaparser-symbol-solver-testing,com.github.javaparser.ast,CompilationUnit,795,176,104,12,151,43,103,19,47,17
javaparser-symbol-solver-testing,com.github.javaparser.ast.stmt,ThrowStmt,71,44,8,2,22,15,15,5,10,5
javaparser-symbol-solver-testing,com.github.javaparser.ast.stmt,BreakStmt,140,0,16,0,44,0,25,0,17,0
javaparser-symbol-solver-testing,com.github.javaparser.ast.stmt,CatchClause,99,75,12,4,24,24,15,7,7,7
javaparser-symbol-solver-testing,com.github.javaparser.ast.stmt,WhileStmt,168,0,16,0,51,0,25,0,17,0
javaparser-symbol-solver-testing,com.github.javaparser.ast.stmt,ForEachStmt,254,0,26,0,69,0,35,0,22,0
javaparser-symbol-solver-testing,com.github.javaparser.ast.stmt,TryStmt,253,120,39,7,60,37,36,11,13,11
javaparser-symbol-solver-testing,com.github.javaparser.ast.stmt,SwitchEntry.Type,70,0,0,0,3,0,4,0,4,0
javaparser-symbol-solver-testing,com.github.javaparser.ast.stmt,ContinueStmt,138,0,16,0,44,0,25,0,17,0
javaparser-symbol-solver-testing,com.github.javaparser.ast.stmt,ExpressionStmt,66,49,8,2,21,16,14,6,9,6
javaparser-symbol-solver-testing,com.github.javaparser.ast.stmt,EmptyStmt,58,0,4,0,21,0,14,0,12,0
javaparser-symbol-solver-testing,com.github.javaparser.ast.stmt,BlockStmt,94,56,14,2,24,18,16,7,8,7
javaparser-symbol-solver-testing,com.github.javaparser.ast.stmt,ReturnStmt,89,49,13,3,28,16,18,7,11,6
javaparser-symbol-solver-testing,com.github.javaparser.ast.stmt,UnparsableStmt,60,0,4,0,22,0,15,0,13,0
javaparser-symbol-solver-testing,com.github.javaparser.ast.stmt,LabeledStmt,177,0,16,0,53,0,26,0,18,0
javaparser-symbol-solver-testing,com.github.javaparser.ast.stmt,SwitchStmt,209,0,22,0,57,0,29,0,18,0
javaparser-symbol-solver-testing,com.github.javaparser.ast.stmt,YieldStmt,115,0,10,0,37,0,20,0,15,0
javaparser-symbol-solver-testing,com.github.javaparser.ast.stmt,ForStmt,361,0,46,0,94,0,45,0,22,0
javaparser-symbol-solver-testing,com.github.javaparser.ast.stmt,SynchronizedStmt,168,0,16,0,51,0,25,0,17,0
javaparser-symbol-solver-testing,com.github.javaparser.ast.stmt,ExplicitConstructorInvocationStmt,269,82,41,5,65,26,37,10,14,10
javaparser-symbol-solver-testing,com.github.javaparser.ast.stmt,SwitchEntry,256,0,30,0,64,0,30,0,15,0
javaparser-symbol-solver-testing,com.github.javaparser.ast.stmt,AssertStmt,189,0,22,0,58,0,30,0,19,0
javaparser-symbol-solver-testing,com.github.javaparser.ast.stmt,Statement,388,6,4,0,94,3,91,1,89,1
javaparser-symbol-solver-testing,com.github.javaparser.ast.stmt,DoStmt,168,0,16,0,51,0,25,0,17,0
javaparser-symbol-solver-testing,com.github.javaparser.ast.stmt,IfStmt,149,106,23,7,41,33,29,10,15,9
javaparser-symbol-solver-testing,com.github.javaparser.ast.stmt,LocalClassDeclarationStmt,115,0,10,0,37,0,20,0,15,0
javaparser-symbol-solver-testing,com.github.javaparser.resolution.types,ResolvedTypeVariable,35,88,5,11,5,23,9,14,4,11
javaparser-symbol-solver-testing,com.github.javaparser.resolution.types,ResolvedIntersectionType,113,0,10,0,18,0,13,0,8,0
javaparser-symbol-solver-testing,com.github.javaparser.resolution.types,ResolvedArrayType,46,71,10,8,9,16,9,10,3,7
javaparser-symbol-solver-testing,com.github.javaparser.resolution.types,ResolvedWildcard,84,193,23,35,18,41,24,24,4,15
javaparser-symbol-solver-testing,com.github.javaparser.resolution.types,ResolvedPrimitiveType,53,315,10,14,7,34,10,17,3,12
javaparser-symbol-solver-testing,com.github.javaparser.resolution.types,ResolvedType,137,28,14,0,13,11,18,11,11,11
javaparser-symbol-solver-testing,com.github.javaparser.resolution.types,ResolvedLambdaConstraintType,26,18,0,0,5,7,3,5,3,5
javaparser-symbol-solver-testing,com.github.javaparser.resolution.types,ResolvedWildcard.BoundType,21,29,0,0,1,3,2,2,2,2
javaparser-symbol-solver-testing,com.github.javaparser.resolution.types,ResolvedReferenceType,308,568,58,75,53,108,57,50,11,26
javaparser-symbol-solver-testing,com.github.javaparser.resolution.types,ResolvedUnionType,117,0,8,0,22,0,14,0,10,0
javaparser-symbol-solver-testing,com.github.javaparser.resolution.types,ResolvedVoidType,4,12,0,0,1,5,1,4,1,4
javaparser-symbol-solver-testing,com.github.javaparser.ast.nodeTypes,NodeWithOptionalScope,3,0,0,0,1,0,1,0,1,0
javaparser-symbol-solver-testing,com.github.javaparser.ast.nodeTypes,NodeWithStatements,112,0,2,0,23,0,15,0,14,0
javaparser-symbol-solver-testing,com.github.javaparser.ast.nodeTypes,NodeWithImplements,48,0,0,0,11,0,7,0,7,0
javaparser-symbol-solver-testing,com.github.javaparser.ast.nodeTypes,NodeWithRange,6,34,2,2,2,4,3,5,1,5
javaparser-symbol-solver-testing,com.github.javaparser.ast.nodeTypes,NodeWithOptionalBlockStmt,10,0,0,0,3,0,1,0,1,0
javaparser-symbol-solver-testing,com.github.javaparser.ast.nodeTypes,NodeWithTypeParameters,36,0,2,0,7,0,6,0,5,0
javaparser-symbol-solver-testing,com.github.javaparser.ast.nodeTypes,NodeWithParameters,157,6,0,0,30,1,19,1,19,1
javaparser-symbol-solver-testing,com.github.javaparser.ast.nodeTypes,NodeWithExpression,5,0,0,0,1,0,1,0,1,0
javaparser-symbol-solver-testing,com.github.javaparser.ast.nodeTypes,NodeWithDeclaration,12,0,0,0,2,0,2,0,2,0
javaparser-symbol-solver-testing,com.github.javaparser.ast.nodeTypes,NodeWithOptionalLabel,19,0,0,0,3,0,3,0,3,0
javaparser-symbol-solver-testing,com.github.javaparser.ast.nodeTypes,NodeWithVariables.new Object() {...},29,0,6,0,8,0,5,0,2,0
javaparser-symbol-solver-testing,com.github.javaparser.ast.nodeTypes,NodeWithSimpleName,16,4,0,0,3,1,2,1,2,1
javaparser-symbol-solver-testing,com.github.javaparser.ast.nodeTypes,NodeWithModifiers.new Object() {...},26,0,0,0,1,0,1,0,1,0
javaparser-symbol-solver-testing,com.github.javaparser.ast.nodeTypes,NodeWithScope,4,0,0,0,1,0,1,0,1,0
javaparser-symbol-solver-testing,com.github.javaparser.ast.nodeTypes,SwitchNode,4,0,0,0,1,0,1,0,1,0
javaparser-symbol-solver-testing,com.github.javaparser.ast.nodeTypes,NodeWithMembers,380,97,0,0,69,21,37,16,37,16
javaparser-symbol-solver-testing,com.github.javaparser.ast.nodeTypes,NodeWithTypeArguments,23,6,3,1,3,1,5,1,3,1
javaparser-symbol-solver-testing,com.github.javaparser.ast.nodeTypes,NodeWithAnnotations,163,0,0,0,35,0,19,0,19,0
javaparser-symbol-solver-testing,com.github.javaparser.ast.nodeTypes,NodeWithBlockStmt,10,0,0,0,3,0,1,0,1,0
javaparser-symbol-solver-testing,com.github.javaparser.ast.nodeTypes,NodeWithArguments,28,0,0,0,6,0,4,0,4,0
javaparser-symbol-solver-testing,com.github.javaparser.ast.nodeTypes,NodeWithModifiers,117,40,13,7,20,7,14,5,6,2
javaparser-symbol-solver-testing,com.github.javaparser.ast.nodeTypes,NodeWithBody,28,0,0,0,6,0,3,0,3,0
javaparser-symbol-solver-testing,com.github.javaparser.ast.nodeTypes,NodeWithExtends,48,0,0,0,11,0,7,0,7,0
javaparser-symbol-solver-testing,com.github.javaparser.ast.nodeTypes,NodeWithType,21,0,0,0,5,0,3,0,3,0
javaparser-symbol-solver-testing,com.github.javaparser.ast.nodeTypes,NodeWithIdentifier,7,3,0,0,2,1,1,1,1,1
javaparser-symbol-solver-testing,com.github.javaparser.ast.nodeTypes,NodeWithThrownExceptions,40,0,0,0,7,0,6,0,6,0
javaparser-symbol-solver-testing,com.github.javaparser.ast.nodeTypes,NodeWithName,8,4,0,0,2,1,1,1,1,1
javaparser-symbol-solver-testing,com.github.javaparser.ast.nodeTypes,NodeWithJavadoc,69,0,8,0,11,0,14,0,10,0
javaparser-symbol-solver-testing,com.github.javaparser.ast.nodeTypes,NodeWithVariables,186,6,20,0,38,1,19,1,9,1
